1111111111111111111111111111111111111111111111111111111111111111111111111111111111111111111111111111111111111111111111111111111111111111111111111111111111111111111111111111111111111111111111111111111111111111111111111111111111111111111111111111
1111111111111111111111111111111111111111111111111111111111111111111111111111111111111111111111111111111111111111111111111111111111111111111111111111111111111111111111111111111111111111111111111111111111111111111111111111111111111111111111111111
1111111111111111111111111111111111111111111111111111111111111111111111111111111111111111111111111111111111111111111111111111111111111111111111111111111111111111111111111111111111111111111111111111111111111111111111111111111111111111111111111111
1111111111111111111111111111111111111111111111111111111111111111111111111111111111111111111111111111111111111111111111111111111111111111111111111111111111111111111111111111111111111111111111111111111111111111111111111111111111111111111111111111
1111111111111111111111111111111111111111111111111111111111111111111111111111111111111111111111111111111111111111111111111111111111111111111111111111111111111111111111111111111111111111111111111111111111111111111111111111111111111111111111111111
1111111111111111111111111111111111111111111111111111111111111111111111111111111111111111111111111111111111111111111111111111111111111111111111111111111111111111111111111111111111111111111111111111111111111111111111111111111111111111111111111111
1111111111111111111111111111111111111111111111111111111111111111111111111111111111111111111111111111111111111111111111111111111111111111111111111111111111111111111111111111111111111111111111111111111111111111111111111111111111111111111111111111
1111111111111111111111111111111111111111111111111111111111111111111111111111111111111111111111111111111111111111111111111111111111111111111111111111111111111111111111111111111111111111111111111111111111111111111111111111111111111111111111111111
1111111111111111111000000001111100111111111111111111111111000000000011111111111100111111111111111111111111111111111111111111111111111111111111111111110011111111111001111100000111111111100111111111111111111111111111111111111111111111111111111111
1111111111111111111000000001111100011111111111111111111111000000000011111111111100111111111111111111100011111111111111111111111111111111111111111111110011111111111001111100000111111111100111111111111111111111111111111111111111111111111111111111
1111111111111111111100000011111100011111111111111111111111000000000011111111111100111111111111111111100011111111111111111111111111111111111111111111110011111111111001111111000111111111100111111111111111111111111111111111111111111111111111111111
1111111111111111111111001111111100011110000100011111111111111100111111100001111100111000111000011110000000011111000011110011100111111111111111000011110010001111100001111111000111111000000111100100001111000011110010001111111111111111111111111111
1111111111111111111111001111111100011100000000011111111111111100111111000000011100110001110000000110000000011100000001100011100111111111111110000001110000000111100001111111000111110000000111100000001100000001110000000111111111111111111111111111
1111111111111111111111001111111100111100000000001111111111111100111111001100011100100011110011000111100011111100011001100011100111111111111100011001110000000111111001111111000111110001000111100000001100010000110000000111111111111111111111111111
1111111111111111111111001111111111111100010010001111111111111100111111111110011100000111111111100111100011111100111111100011100111111111111100111111110011100111111001111111000111100011100111100011111000111000110011100111111111111111111111111111
1111111111111111111111001111111111111100010010001111111111111100111111000000011100000111110000000111100011111100000111100011100111111111111000111111110011100011111001111111000111100011100111100011111000000000110011100011111111111111111111111111
1111111111111111111111001111111111111100010010001111111111111100111110000000011100000111100000000111100011111110000011100011100111111111111000111111110011100011111001111111000111100011100111100111111000000000110011100011111111111111111111111111
1111111111111111111111001111111111111100010010001111111111111100111110001110011100100011100011100111100011111111100001100011100111111111111100111111110011100011111001111111000111100011100111100111111000111111110011100011111111111111111111111111
1111111111111111111111001111111111111100010010001111111111111100111110011100011100110001100111000111100011111111110001100011000111111111111100011111110011100011111001111111100111100011100111100111111000111111110011100011111111111111111111111111
1111111111111111111000000001111111111100010010001111111111111100111110000000011100111000100000000111110000011100000001110000000111111111111100000001110011100011000000001111100000110000000111100111111100000000110011100011111111111111111111111111
1111111111111111111000000001111111111100010010001111111111111100111111000000011100111000110000000111110000011100000011110000000111111111111110000001110011100011000000001111100000110000000111100111111110000000110011100011111111111111111111111111
1111111111111111111111111111111111111111111111111111111111111111111111110111111111111111111101111111111111111111011111111101111111111111111111110111111111111111111111111111111111111100111111111111111111100111111111111111111111111111111111111111
1111111111111111111111111111111111111111111111111111111111111111111111111111111111111111111111111111111111111111111111111111111111111111111111111111111111111111111111111111111111111111111111111111111111111111111111111111111111111111111111111111
1111111111111111111111111111111111111111111111111111111111111111111111111111111111111111111111111111111111111111111111111111111111111111111111111111111111111111111111111111111111111111111111111111111111111111111111111111111111111111111111111111
1111111111111111111111111111111111111111111111111111111111111111111111111111111111111111111111111111111111111111111111111111111111111111111111111111111111111111111111111111111111111111111111111111111111111111111111111111111111111111111111111111
1111111111111111111111111111111111111111111111111111111111111111111111111111111111111111111111111111111111111111111111111111111111111111111111111111111111111111111111111111111111111111111111111111111111111111111111111111111111111111111111111111
